
# Surface 0 of 1 surfaces

# Curve title: "'surface.dat'"

# Contour 0, label:        2
 1.33333  0.240341  2 
 1.26858  0.20202  2 
 1.26063  0.121212  2 
 1.33333  0.0592005  2 
 1.36236  0.040404  2 
 1.41414  0.0248851  2 
 1.49495  0.0104399  2 
 1.57576  0.00606541  2 
 1.65657  0.0121732  2 
 1.73737  0.0291189  2 
 1.77001  0.040404  2 
 1.81818  0.0865604  2 
 1.84384  0.121212  2 
 1.81818  0.170555  2 
 1.79699  0.20202  2 
 1.73737  0.229175  2 
 1.65657  0.255529  2 
 1.57576  0.271293  2 
 1.49495  0.275535  2 
 1.41414  0.266355  2 
 1.33333  0.240341  2 

# Contour 1, label: 
-0.121212  2.30835  2 
-0.134164  2.30303  2 
-0.20202  2.28347  2 
-0.282828  2.25747  2 
-0.363636  2.23195  2 
-0.391239  2.22222  2 
-0.444444  2.20561  2 
-0.525253  2.17926  2 
-0.606061  2.15362  2 
-0.642683  2.14141  2 
-0.686869  2.12713  2 
-0.767677  2.09993  2 
-0.848485  2.07308  2 
-0.884487  2.06061  2 
-0.929293  2.0446  2 
-1.0101  2.01467  2 
-1.09091  1.98469  2 
-1.10332  1.9798  2 
-1.17172  1.9505  2 
-1.25253  1.91522  2 
-1.2881  1.89899  2 
-1.33333  1.8755  2 
-1.41414  1.83193  2 
-1.43839  1.81818  2 
-1.49495  1.77975  2 
-1.55494  1.73737  2 
-1.57576  1.7185  2 
-1.64108  1.65657  2 
-1.65657  1.63565  2 
-1.69899  1.57576  2 
-1.73151  1.49495  2 
-1.73606  1.41414  2 
-1.70718  1.33333  2 
-1.65657  1.27341  2 
-1.6348  1.25253  2 
-1.57576  1.21571  2 
-1.49495  1.17581  2 
-1.48466  1.17172  2 
-1.41414  1.14986  2 
-1.33333  1.13009  2 
-1.25253  1.1149  2 
-1.17172  1.10374  2 
-1.09091  1.09627  2 
-1.0101  1.09229  2 
-0.929293  1.09175  2 
-0.848485  1.09474  2 
-0.767677  1.1015  2 
-0.686869  1.1125  2 
-0.606061  1.12842  2 
-0.525253  1.15031  2 
-0.465305  1.17172  2 
-0.444444  1.18084  2 
-0.363636  1.22514  2 
-0.324054  1.25253  2 
-0.282828  1.28874  2 
-0.240595  1.33333  2 
-0.20202  1.3861  2 
-0.184132  1.41414  2 
-0.143545  1.49495  2 
-0.121212  1.55154  2 
-0.112337  1.57576  2 
-0.0884452  1.65657  2 
-0.0687131  1.73737  2 
-0.0519693  1.81818  2 
-0.040404  1.88369  2 
-0.0376641  1.89899  2 
-0.0262264  1.9798  2 
-0.0164469  2.06061  2 
-0.00860911  2.14141  2 
-0.00451452  2.22222  2 
-0.0189305  2.30303  2 
-0.040404  2.32053  2 
-0.121212  2.30835  2 

# Contour 2, label: 
 0.282828  3.11469  2 
 0.278229  3.11111  2 
 0.202124  3.0303  2 
 0.20202  3.03015  2 
 0.164351  2.94949  2 
 0.134031  2.86869  2 
 0.121212  2.82495  2 
 0.112054  2.78788  2 
 0.0968202  2.70707  2 
 0.0848757  2.62626  2 
 0.0779235  2.54545  2 
 0.0937255  2.46465  2 
 0.121212  2.44829  2 
 0.172099  2.46465  2 
 0.20202  2.47058  2 
 0.282828  2.50811  2 
 0.354217  2.54545  2 
 0.363636  2.54997  2 
 0.444444  2.60268  2 
 0.475564  2.62626  2 
 0.525253  2.66737  2 
 0.565237  2.70707  2 
 0.606061  2.75918  2 
 0.624428  2.78788  2 
 0.650933  2.86869  2 
 0.646173  2.94949  2 
 0.608012  3.0303  2 
 0.606061  3.03255  2 
 0.525253  3.10189  2 
 0.507157  3.11111  2 
 0.444444  3.13493  2 
 0.363636  3.14107  2 
 0.282828  3.11469  2 

# Contour 3, label: 
-4  3.2339  2 
-3.91919  3.19345  2 
-3.91799  3.19192  2 
-3.91919  3.156  2 
-3.92074  3.11111  2 
-3.97387  3.0303  2 
-4  3.00611  2 


# Contour 4, label:        1
-4 -2.78843  1 
-3.91919 -2.85094  1 
-3.89733 -2.86869  1 
-3.83838 -2.92425  1 
-3.81268 -2.94949  1 
-3.75758 -3.01291  1 
-3.74294 -3.0303  1 
-3.68567 -3.11111  1 
-3.67677 -3.12669  1 
-3.63986 -3.19192  1 
-3.60211 -3.27273  1 
-3.59596 -3.29198  1 
-3.57589 -3.35354  1 
-3.56196 -3.43434  1 
-3.56929 -3.51515  1 
-3.59596 -3.5564  1 
-3.67677 -3.59256  1 
-3.75758 -3.5919  1 
-3.83838 -3.57922  1 
-3.91919 -3.5613  1 
-4 -3.54064  1 

# Contour 5, label: 
-4  0.52648  1 
-3.91919  0.526169  1 
-3.86319  0.525253  1 
-3.83838  0.524769  1 
-3.75758  0.521908  1 
-3.67677  0.517399  1 
-3.59596  0.510824  1 
-3.51515  0.501554  1 
-3.43434  0.488602  1 
-3.35354  0.470345  1 
-3.27411  0.444444  1 
-3.27273  0.44378  1 
-3.19192  0.392748  1 
-3.15995  0.363636  1 
-3.11641  0.282828  1 
-3.11111  0.25363  1 
-3.10303  0.20202  1 
-3.10777  0.121212  1 
-3.11111  0.107651  1 
-3.12682  0.040404  1 
-3.16019 -0.040404  1 
-3.19192 -0.0913932  1 
-3.21098 -0.121212  1 
-3.27273 -0.188402  1 
-3.28618 -0.20202  1 
-3.35354 -0.251845  1 
-3.40095 -0.282828  1 
-3.43434 -0.299547  1 
-3.51515 -0.335115  1 
-3.59179 -0.363636  1 
-3.59596 -0.364881  1 
-3.67677 -0.386499  1 
-3.75758 -0.40467  1 
-3.83838 -0.419907  1 
-3.91919 -0.43262  1 
-4 -0.44313  1 

# Contour 6, label: 
 2.84124  4  1 
 2.83102  3.91919  1 
 2.82933  3.83838  1 
 2.83724  3.75758  1 
 2.85692  3.67677  1 
 2.86869  3.64801  1 
 2.89558  3.59596  1 
 2.94949  3.52594  1 
 2.96039  3.51515  1 
 3.0303  3.46169  1 
 3.07923  3.43434  1 
 3.11111  3.41935  1 
 3.19192  3.39298  1 
 3.27273  3.37822  1 
 3.35354  3.37665  1 
 3.43434  3.39298  1 
 3.50916  3.43434  1 
 3.51515  3.43951  1 
 3.56343  3.51515  1 
 3.58479  3.59596  1 
 3.58664  3.67677  1 
 3.57484  3.75758  1 
 3.55248  3.83838  1 
 3.52117  3.91919  1 
 3.51515  3.93094  1 
 3.47471  4  1 

# Contour 7, label: 
 1.25253  1.00897  1 
 1.24896  1.0101  1 
 1.17172  1.03758  1 
 1.09091  1.07146  1 
 1.05071  1.09091  1 
 1.0101  1.11458  1 
 0.929293  1.17093  1 
 0.928294  1.17172  1 
 0.851468  1.25253  1 
 0.848485  1.25704  1 
 0.803825  1.33333  1 
 0.776325  1.41414  1 
 0.767677  1.47165  1 
 0.764414  1.49495  1 
 0.765384  1.57576  1 
 0.767677  1.59044  1 
 0.777777  1.65657  1 
 0.800846  1.73737  1 
 0.834308  1.81818  1 
 0.848485  1.84439  1 
 0.878028  1.89899  1 
 0.929293  1.97614  1 
 0.931735  1.9798  1 
 0.994461  2.06061  1 
 1.0101  2.07858  1 
 1.06483  2.14141  1 
 1.09091  2.16919  1 
 1.14056  2.22222  1 
 1.17172  2.25432  1 
 1.21869  2.30303  1 
 1.25253  2.33821  1 
 1.29603  2.38384  1 
 1.33333  2.42469  1 
 1.36953  2.46465  1 
 1.41414  2.51843  1 
 1.43649  2.54545  1 
 1.49458  2.62626  1 
 1.49495  2.62689  1 
 1.542  2.70707  1 
 1.57576  2.78618  1 
 1.57651  2.78788  1 
 1.59646  2.86869  1 
 1.59881  2.94949  1 
 1.5804  3.0303  1 
 1.57576  3.03936  1 
 1.53922  3.11111  1 
 1.49495  3.16454  1 
 1.47253  3.19192  1 
 1.41414  3.24373  1 
 1.38214  3.27273  1 
 1.33333  3.308  1 
 1.27241  3.35354  1 
 1.25253  3.36614  1 
 1.17172  3.41972  1 
 1.15055  3.43434  1 
 1.09091  3.47131  1 
 1.02389  3.51515  1 
 1.0101  3.52356  1 
 0.929293  3.57515  1 
 0.89815  3.59596  1 
 0.848485  3.62825  1 
 0.777876  3.67677  1 
 0.767677  3.6838  1 
 0.686869  3.74137  1 
 0.664784  3.75758  1 
 0.606061  3.80257  1 
 0.560724  3.83838  1 
 0.525253  3.86847  1 
 0.466444  3.91919  1 
 0.444444  3.94014  1 
 0.381394  4  1 

# Contour 8, label: 
-0.363636  0.378666  1 
-0.339448  0.363636  1 
-0.282828  0.322891  1 
-0.234033  0.282828  1 
-0.20202  0.252446  1 
-0.153704  0.20202  1 
-0.121212  0.163636  1 
-0.0874248  0.121212  1 
-0.040404  0.0572428  1 
-0.0283769  0.040404  1 
 0.028381 -0.040404  1 
 0.040404 -0.0572367  1 
 0.0874593 -0.121212  1 
 0.121212 -0.163503  1 
 0.153984 -0.20202  1 
 0.20202 -0.251684  1 
 0.235414 -0.282828  1 
 0.282828 -0.320816  1 
 0.344919 -0.363636  1 
 0.363636 -0.374672  1 
 0.444444 -0.415921  1 
 0.512617 -0.444444  1 
 0.525253 -0.449016  1 
 0.606061 -0.474407  1 
 0.686869 -0.495025  1 
 0.767677 -0.511811  1 
 0.847211 -0.525253  1 
 0.848485 -0.525445  1 
 0.929293 -0.5358  1 
 1.0101 -0.544015  1 
 1.09091 -0.550391  1 
 1.17172 -0.555147  1 
 1.25253 -0.558459  1 
 1.33333 -0.560449  1 
 1.41414 -0.561216  1 
 1.49495 -0.560818  1 
 1.57576 -0.559296  1 
 1.65657 -0.556673  1 
 1.73737 -0.552945  1 
 1.81818 -0.548091  1 
 1.89899 -0.542076  1 
 1.9798 -0.534843  1 
 2.06061 -0.526317  1 
 2.0694 -0.525253  1 
 2.14141 -0.515671  1 
 2.22222 -0.503292  1 
 2.30303 -0.489109  1 
 2.38384 -0.472934  1 
 2.46465 -0.454549  1 
 2.50447 -0.444444  1 
 2.54545 -0.432472  1 
 2.62626 -0.406159  1 
 2.70707 -0.376337  1 
 2.73831 -0.363636  1 
 2.78788 -0.339493  1 
 2.86869 -0.295699  1 
 2.89049 -0.282828  1 
 2.94949 -0.239365  1 
 2.99611 -0.20202  1 
 3.0303 -0.166213  1 
 3.07088 -0.121212  1 
 3.11111 -0.0590489  1 
 3.12279 -0.040404  1 
 3.15614  0.040404  1 
 3.17325  0.121212  1 
 3.175  0.20202  1 
 3.16103  0.282828  1 
 3.12972  0.363636  1 
 3.11111  0.393868  1 
 3.07758  0.444444  1 
 3.0303  0.49467  1 
 2.99846  0.525253  1 
 2.94949  0.56152  1 
 2.88115  0.606061  1 
 2.86869  0.612719  1 
 2.78788  0.651967  1 
 2.70707  0.685931  1 
 2.70464  0.686869  1 
 2.62626  0.713311  1 
 2.54545  0.737552  1 
 2.46465  0.759308  1 
 2.43104  0.767677  1 
 2.38384  0.778503  1 
 2.30303  0.795808  1 
 2.22222  0.811974  1 
 2.14141  0.827266  1 
 2.06061  0.841937  1 
 2.02365  0.848485  1 
 1.9798  0.856091  1 
 1.89899  0.87  1 
 1.81818  0.883997  1 
 1.73737  0.898301  1 
 1.65657  0.913151  1 
 1.57576  0.928817  1 
 1.5734  0.929293  1 
 1.49495  0.945922  1 
 1.41414  0.964633  1 
 1.33333  0.985436  1 
 1.25253  1.00897  1 

# Contour 9, label: 
-0.460649  4  1 
-0.457807  3.91919  1 
-0.454528  3.83838  1 
-0.45179  3.75758  1 
-0.45037  3.67677  1 
-0.450863  3.59596  1 
-0.453773  3.51515  1 
-0.45958  3.43434  1 
-0.468756  3.35354  1 
-0.481863  3.27273  1 
-0.499574  3.19192  1 
-0.522764  3.11111  1 
-0.525253  3.10415  1 
-0.551295  3.0303  1 
-0.587487  2.94949  1 
-0.606061  2.91565  1 
-0.632353  2.86869  1 
-0.686869  2.78974  1 
-0.6882  2.78788  1 
-0.756657  2.70707  1 
-0.767677  2.69595  1 
-0.841113  2.62626  1 
-0.848485  2.62011  1 
-0.929293  2.55649  1 
-0.944274  2.54545  1 
-1.0101  2.50117  1 
-1.0687  2.46465  1 
-1.09091  2.45167  1 
-1.17172  2.40668  1 
-1.21513  2.38384  1 
-1.25253  2.36478  1 
-1.33333  2.32522  1 
-1.38041  2.30303  1 
-1.41414  2.28714  1 
-1.49495  2.24987  1 
-1.55608  2.22222  1 
-1.57576  2.21305  1 
-1.65657  2.17546  1 
-1.72952  2.14141  1 
-1.73737  2.13752  1 
-1.81818  2.09692  1 
-1.88847  2.06061  1 
-1.89899  2.05468  1 
-1.9798  2.00771  1 
-2.02569  1.9798  1 
-2.06061  1.95599  1 
-2.13998  1.89899  1 
-2.14141  1.89781  1 
-2.22222  1.828  1 
-2.233  1.81818  1 
-2.30303  1.74345  1 
-2.30847  1.73737  1 
-2.36945  1.65657  1 
-2.38384  1.6334  1 
-2.41884  1.57576  1 
-2.45899  1.49495  1 
-2.46465  1.48045  1 
-2.49078  1.41414  1 
-2.5156  1.33333  1 
-2.53385  1.25253  1 
-2.54512  1.17172  1 
-2.54545  1.16154  1 
-2.548  1.09091  1 
-2.54545  1.06244  1 
-2.53975  1.0101  1 
-2.5136  0.929293  1 
-2.46465  0.85994  1 
-2.4536  0.848485  1 
-2.38384  0.801151  1 
-2.30892  0.767677  1 
-2.30303  0.765652  1 
-2.22222  0.742304  1 
-2.14141  0.724478  1 
-2.06061  0.710127  1 
-1.9798  0.698054  1 
-1.89899  0.687496  1 
-1.89395  0.686869  1 
-1.81818  0.677981  1 
-1.73737  0.669063  1 
-1.65657  0.660481  1 
-1.57576  0.652018  1 
-1.49495  0.643506  1 
-1.41414  0.634782  1 
-1.33333  0.62569  1 
-1.25253  0.616074  1 
-1.174  0.606061  1 
-1.17172  0.605758  1 
-1.09091  0.594229  1 
-1.0101  0.581569  1 
-0.929293  0.567521  1 
-0.848485  0.551759  1 
-0.767677  0.533878  1 
-0.732718  0.525253  1 
-0.686869  0.51278  1 
-0.606061  0.487865  1 
-0.525253  0.458648  1 
-0.49075  0.444444  1 
-0.444444  0.422712  1 
-0.363636  0.378666  1 

# Contour 10, label: 
-2.75898  4  1 
-2.78788  3.97129  1 
-2.83864  3.91919  1 
-2.86869  3.88397  1 
-2.90588  3.83838  1 
-2.94949  3.77549  1 
-2.9613  3.75758  1 
-3.00966  3.67677  1 
-3.0303  3.63843  1 
-3.05229  3.59596  1 
-3.0915  3.51515  1 
-3.11111  3.47366  1 
-3.12931  3.43434  1 
-3.16709  3.35354  1 
-3.19192  3.30181  1 
-3.20588  3.27273  1 
-3.24741  3.19192  1 
-3.27273  3.14631  1 
-3.29274  3.11111  1 
-3.34361  3.0303  1 
-3.35354  3.01617  1 
-3.40278  2.94949  1 
-3.43434  2.91179  1 
-3.47282  2.86869  1 
-3.51515  2.82709  1 
-3.55836  2.78788  1 
-3.59596  2.75784  1 
-3.6659  2.70707  1 
-3.67677  2.70005  1 
-3.75758  2.65236  1 
-3.80662  2.62626  1 
-3.83838  2.61105  1 
-3.91919  2.57591  1 
-3.99701  2.54545  1 
-4  2.54438  1 

# Contour 11, label: 
-3.404  4  1 
-3.43434  3.97942  1 
-3.51515  3.92828  1 
-3.52989  3.91919  1 
-3.59596  3.88143  1 
-3.67677  3.83972  1 
-3.67932  3.83838  1 
-3.75758  3.79885  1 
-3.83838  3.76133  1 
-3.84631  3.75758  1 
-3.91919  3.72362  1 
-4  3.68782  1 


# Contour 12, label:        0
-1.73737 -0.0270921  0 
-1.77615 -0.040404  0 
-1.81818 -0.0652556  0 
-1.88808 -0.121212  0 
-1.89899 -0.144879  0 
-1.92118 -0.20202  0 
-1.90115 -0.282828  0 
-1.89899 -0.285141  0 
-1.81818 -0.343853  0 
-1.77091 -0.363636  0 
-1.73737 -0.371923  0 
-1.65657 -0.382042  0 
-1.57576 -0.383544  0 
-1.49495 -0.377452  0 
-1.41414 -0.36396  0 
-1.4129 -0.363636  0 
-1.33333 -0.331542  0 
-1.25253 -0.284002  0 
-1.25103 -0.282828  0 
-1.21376 -0.20202  0 
-1.24146 -0.121212  0 
-1.25253 -0.111331  0 
-1.33333 -0.0535468  0 
-1.35842 -0.040404  0 
-1.41414 -0.023611  0 
-1.49495 -0.00899459  0 
-1.57576 -0.00444324  0 
-1.65657 -0.0103491  0 
-1.73737 -0.0270921  0 

# Contour 13, label: 
 2.62626  2.64373  0 
 2.5631  2.62626  0 
 2.54545  2.62118  0 
 2.46465  2.58908  0 
 2.38384  2.54737  0 
 2.38078  2.54545  0 
 2.30303  2.49645  0 
 2.25933  2.46465  0 
 2.22222  2.43747  0 
 2.15584  2.38384  0 
 2.14141  2.37201  0 
 2.06267  2.30303  0 
 2.06061  2.30117  0 
 1.9798  2.22476  0 
 1.9772  2.22222  0 
 1.89899  2.14193  0 
 1.89849  2.14141  0 
 1.82808  2.06061  0 
 1.81818  2.0475  0 
 1.76767  1.9798  0 
 1.73737  1.9294  0 
 1.71927  1.89899  0 
 1.68666  1.81818  0 
 1.67262  1.73737  0 
 1.6825  1.65657  0 
 1.7225  1.57576  0 
 1.73737  1.55926  0 
 1.80564  1.49495  0 
 1.81818  1.48685  0 
 1.89899  1.44201  0 
 1.95943  1.41414  0 
 1.9798  1.40672  0 
 2.06061  1.38151  0 
 2.14141  1.36044  0 
 2.22222  1.34296  0 
 2.27646  1.33333  0 
 2.30303  1.32918  0 
 2.38384  1.3189  0 
 2.46465  1.31072  0 
 2.54545  1.30447  0 
 2.62626  1.30001  0 
 2.70707  1.29724  0 
 2.78788  1.29608  0 
 2.86869  1.29647  0 
 2.94949  1.2984  0 
 3.0303  1.30188  0 
 3.11111  1.30698  0 
 3.19192  1.3138  0 
 3.27273  1.32255  0 
 3.35218  1.33333  0 
 3.35354  1.33355  0 
 3.43434  1.34828  0 
 3.51515  1.36696  0 
 3.59596  1.39139  0 
 3.6538  1.41414  0 
 3.67677  1.42665  0 
 3.75758  1.48721  0 
 3.76528  1.49495  0 
 3.81061  1.57576  0 
 3.82674  1.65657  0 
 3.82763  1.73737  0 
 3.81901  1.81818  0 
 3.80346  1.89899  0 
 3.78205  1.9798  0 
 3.75758  2.05245  0 
 3.75486  2.06061  0 
 3.72018  2.14141  0 
 3.67783  2.22222  0 
 3.67677  2.22389  0 
 3.62315  2.30303  0 
 3.59596  2.33607  0 
 3.55266  2.38384  0 
 3.51515  2.41829  0 
 3.45797  2.46465  0 
 3.43434  2.48096  0 
 3.35354  2.52951  0 
 3.32251  2.54545  0 
 3.27273  2.56801  0 
 3.19192  2.59878  0 
 3.11111  2.62378  0 
 3.1008  2.62626  0 
 3.0303  2.64202  0 
 2.94949  2.65485  0 
 2.86869  2.6621  0 
 2.78788  2.66319  0 
 2.70707  2.65737  0 
 2.62626  2.64373  0 

# Contour 14, label: 
 2.52356 -4  0 
 2.545 -3.91919  0 
 2.54545 -3.91766  0 
 2.57118 -3.83838  0 
 2.60321 -3.75758  0 
 2.62626 -3.71033  0 
 2.64465 -3.67677  0 
 2.69915 -3.59596  0 
 2.70707 -3.58618  0 
 2.77242 -3.51515  0 
 2.78788 -3.50092  0 
 2.86869 -3.43562  0 
 2.87049 -3.43434  0 
 2.94949 -3.3837  0 
 3.0033 -3.35354  0 
 3.0303 -3.33946  0 
 3.11111 -3.30175  0 
 3.18093 -3.27273  0 
 3.19192 -3.26828  0 
 3.27273 -3.23929  0 
 3.35354 -3.2133  0 
 3.42841 -3.19192  0 
 3.43434 -3.19017  0 
 3.51515 -3.1707  0 
 3.59596 -3.15462  0 
 3.67677 -3.14299  0 
 3.75758 -3.13834  0 
 3.83838 -3.14755  0 
 3.91487 -3.19192  0 
 3.91919 -3.19686  0 
 3.95126 -3.27273  0 
 3.96354 -3.35354  0 
 3.96666 -3.43434  0 
 3.96512 -3.51515  0 
 3.9608 -3.59596  0 
 3.95453 -3.67677  0 
 3.94667 -3.75758  0 
 3.93727 -3.83838  0 
 3.92617 -3.91919  0 
 3.91919 -3.9624  0 
 3.9129 -4  0 

# Contour 15, label: 
-4 -3.88453  0 
-3.93821 -3.91919  0 
-3.91919 -3.93043  0 
-3.83838 -3.98137  0 
-3.81104 -4  0 

# Contour 16, label: 
-4 -2.45894  0 
-3.98776 -2.46465  0 
-3.91919 -2.49856  0 
-3.83838 -2.54198  0 
-3.83231 -2.54545  0 
-3.75758 -2.59141  0 
-3.70556 -2.62626  0 
-3.67677 -2.64724  0 
-3.60072 -2.70707  0 
-3.59596 -2.71118  0 
-3.51515 -2.78557  0 
-3.5128 -2.78788  0 
-3.43742 -2.86869  0 
-3.43434 -2.8723  0 
-3.37134 -2.94949  0 
-3.35354 -2.97307  0 
-3.31174 -3.0303  0 
-3.27273 -3.08686  0 
-3.25636 -3.11111  0 
-3.20364 -3.19192  0 
-3.19192 -3.21026  0 
-3.15199 -3.27273  0 
-3.11111 -3.33549  0 
-3.09923 -3.35354  0 
-3.04426 -3.43434  0 
-3.0303 -3.45381  0 
-2.98507 -3.51515  0 
-2.94949 -3.55956  0 
-2.91927 -3.59596  0 
-2.86869 -3.65164  0 
-2.84489 -3.67677  0 
-2.78788 -3.73187  0 
-2.76007 -3.75758  0 
-2.70707 -3.80273  0 
-2.66332 -3.83838  0 
-2.62626 -3.86656  0 
-2.55406 -3.91919  0 
-2.54545 -3.92514  0 
-2.46465 -3.98003  0 
-2.43427 -4  0 

# Contour 17, label: 
-4 -0.734439  0 
-3.91919 -0.738014  0 
-3.83838 -0.741777  0 
-3.75758 -0.745794  0 
-3.67677 -0.750146  0 
-3.59596 -0.754934  0 
-3.51515 -0.760287  0 
-3.43434 -0.766373  0 
-3.41835 -0.767677  0 
-3.35354 -0.77328  0 
-3.27273 -0.781343  0 
-3.19192 -0.790979  0 
-3.11111 -0.80275  0 
-3.0303 -0.817486  0 
-2.94949 -0.836477  0 
-2.90799 -0.848485  0 
-2.86869 -0.861237  0 
-2.78788 -0.89445  0 
-2.72582 -0.929293  0 
-2.70707 -0.941259  0 
-2.62626 -1.00714  0 
-2.6233 -1.0101  0 
-2.54992 -1.09091  0 
-2.54545 -1.09614  0 
-2.48824 -1.17172  0 
-2.46465 -1.2031  0 
-2.43037 -1.25253  0 
-2.38384 -1.31578  0 
-2.37153 -1.33333  0 
-2.30771 -1.41414  0 
-2.30303 -1.41934  0 
-2.23515 -1.49495  0 
-2.22222 -1.50746  0 
-2.15046 -1.57576  0 
-2.14141 -1.5832  0 
-2.06061 -1.64741  0 
-2.04866 -1.65657  0 
-1.9798 -1.70204  0 
-1.92394 -1.73737  0 
-1.89899 -1.75119  0 
-1.81818 -1.79374  0 
-1.76949 -1.81818  0 
-1.73737 -1.83259  0 
-1.65657 -1.86702  0 
-1.57842 -1.89899  0 
-1.57576 -1.89999  0 
-1.49495 -1.92868  0 
-1.41414 -1.95641  0 
-1.34373 -1.9798  0 
-1.33333 -1.98308  0 
-1.25253 -2.00723  0 
-1.17172 -2.0309  0 
-1.09091 -2.05422  0 
-1.06752 -2.06061  0 
-1.0101 -2.07625  0 
-0.929293 -2.09775  0 
-0.848485 -2.11921  0 
-0.767677 -2.14072  0 
-0.76482 -2.14141  0 
-0.686869 -2.16156  0 
-0.606061 -2.18264  0 
-0.525253 -2.20403  0 
-0.455898 -2.22222  0 
-0.444444 -2.22577  0 
-0.363636 -2.24809  0 
-0.282828 -2.2713  0 
-0.20202 -2.29578  0 
-0.170512 -2.30303  0 
-0.121212 -2.32598  0 
-0.0494495 -2.38384  0 
-0.0466063 -2.46465  0 
-0.0526168 -2.54545  0 
-0.0613214 -2.62626  0 
-0.0717508 -2.70707  0 
-0.0838174 -2.78788  0 
-0.0977386 -2.86869  0 
-0.11392 -2.94949  0 
-0.121212 -2.97947  0 
-0.131467 -3.0303  0 
-0.151187 -3.11111  0 
-0.174769 -3.19192  0 
-0.20202 -3.2692  0 
-0.203125 -3.27273  0 
-0.233588 -3.35354  0 
-0.270541 -3.43434  0 
-0.282828 -3.45699  0 
-0.311765 -3.51515  0 
-0.359751 -3.59596  0 
-0.363636 -3.60166  0 
-0.411397 -3.67677  0 
-0.444444 -3.72198  0 
-0.469104 -3.75758  0 
-0.525253 -3.83005  0 
-0.531471 -3.83838  0 
-0.596689 -3.91919  0 
-0.606061 -3.93013  0 
-0.664552 -4  0 

# Contour 18, label: 
 1.0101 -3.30262  0 
 0.981445 -3.35354  0 
 0.929293 -3.4294  0 
 0.926014 -3.43434  0 
 0.865049 -3.51515  0 
 0.848485 -3.53598  0 
 0.803438 -3.59596  0 
 0.767677 -3.64434  0 
 0.74502 -3.67677  0 
 0.692312 -3.75758  0 
 0.686869 -3.76651  0 
 0.645448 -3.83838  0 
 0.60683 -3.91919  0 
 0.606061 -3.92101  0 
 0.574023 -4  0 

# Contour 19, label: 
 4 -0.510644  0 
 3.97995 -0.525253  0 
 3.91919 -0.563946  0 
 3.84682 -0.606061  0 
 3.83838 -0.610358  0 
 3.75758 -0.648875  0 
 3.67677 -0.681743  0 
 3.66299 -0.686869  0 
 3.59596 -0.708679  0 
 3.51515 -0.731244  0 
 3.43434 -0.750347  0 
 3.35354 -0.766588  0 
 3.34763 -0.767677  0 
 3.27273 -0.780051  0 
 3.19192 -0.791608  0 
 3.11111 -0.801636  0 
 3.0303 -0.810413  0 
 2.94949 -0.818167  0 
 2.86869 -0.825087  0 
 2.78788 -0.831326  0 
 2.70707 -0.837017  0 
 2.62626 -0.842267  0 
 2.54545 -0.847172  0 
 2.52309 -0.848485  0 
 2.46465 -0.851788  0 
 2.38384 -0.856213  0 
 2.30303 -0.860519  0 
 2.22222 -0.864764  0 
 2.14141 -0.868999  0 
 2.06061 -0.873275  0 
 1.9798 -0.877639  0 
 1.89899 -0.882142  0 
 1.81818 -0.886833  0 
 1.73737 -0.891766  0 
 1.65657 -0.896998  0 
 1.57576 -0.902593  0 
 1.49495 -0.908621  0 
 1.41414 -0.915165  0 
 1.33333 -0.92232  0 
 1.26158 -0.929293  0 
 1.25253 -0.930227  0 
 1.17172 -0.939251  0 
 1.09091 -0.949357  0 
 1.0101 -0.960758  0 
 0.929293 -0.973725  0 
 0.848485 -0.988601  0 
 0.767677 -1.00583  0 
 0.749602 -1.0101  0 
 0.686869 -1.02699  0 
 0.606061 -1.05241  0 
 0.525253 -1.08303  0 
 0.506832 -1.09091  0 
 0.444444 -1.12303  0 
 0.36654 -1.17172  0 
 0.363636 -1.17398  0 
 0.282828 -1.24552  0 
 0.275869 -1.25253  0 
 0.212902 -1.33333  0 
 0.20202 -1.3516  0 
 0.16677 -1.41414  0 
 0.13193 -1.49495  0 
 0.121212 -1.52668  0 
 0.10443 -1.57576  0 
 0.0821923 -1.65657  0 
 0.0640114 -1.73737  0 
 0.0488818 -1.81818  0 
 0.040404 -1.87358  0 
 0.0358036 -1.89899  0 
 0.0238843 -1.9798  0 
 0.0133436 -2.06061  0 
 0.00411821 -2.14141  0 
-0.00309034 -2.22222  0 
-0.00146071 -2.30303  0 
 0.040404 -2.33763  0 
 0.121212 -2.37777  0 
 0.131952 -2.38384  0 
 0.20202 -2.40805  0 
 0.282828 -2.43868  0 
 0.345628 -2.46465  0 
 0.363636 -2.47073  0 
 0.444444 -2.5045  0 
 0.525253 -2.54074  0 
 0.534365 -2.54545  0 
 0.606061 -2.58076  0 
 0.686869 -2.62416  0 
 0.690344 -2.62626  0 
 0.767677 -2.67461  0 
 0.814849 -2.70707  0 
 0.848485 -2.73258  0 
 0.914045 -2.78788  0 
 0.929293 -2.80329  0 
 0.987576 -2.86869  0 
 1.0101 -2.90308  0 
 1.03783 -2.94949  0 
 1.06574 -3.0303  0 
 1.0723 -3.11111  0 
 1.05863 -3.19192  0 
 1.02738 -3.27273  0 
 1.0101 -3.30262  0 

# Contour 20, label: 
 0.891502  4  0 
 0.929293  3.97068  0 
 1.00261  3.91919  0 
 1.0101  3.9141  0 
 1.09091  3.86411  0 
 1.13793  3.83838  0 
 1.17172  3.81984  0 
 1.25253  3.78073  0 
 1.3078  3.75758  0 
 1.33333  3.74646  0 
 1.41414  3.71658  0 
 1.49495  3.69179  0 
 1.55746  3.67677  0 
 1.57576  3.67196  0 
 1.65657  3.65722  0 
 1.73737  3.6491  0 
 1.81818  3.64884  0 
 1.89899  3.65851  0 
 1.96474  3.67677  0 
 1.9798  3.68124  0 
 2.06061  3.72075  0 
 2.10902  3.75758  0 
 2.14141  3.78569  0 
 2.1866  3.83838  0 
 2.22222  3.88802  0 
 2.24059  3.91919  0 
 2.28103  4  0 

# Contour 21, label: 
-1.01516  4  0 
-1.0101  3.98595  0 
-0.988737  3.91919  0 
-0.964703  3.83838  0 
-0.943867  3.75758  0 
-0.929293  3.68743  0 
-0.92721  3.67677  0 
-0.915673  3.59596  0 
-0.909447  3.51515  0 
-0.909145  3.43434  0 
-0.915387  3.35354  0 
-0.928866  3.27273  0 
-0.929293  3.27111  0 
-0.950789  3.19192  0 
-0.98182  3.11111  0 
-1.0101  3.05537  0 
-1.02348  3.0303  0 
-1.07771  2.94949  0 
-1.09091  2.93324  0 
-1.14697  2.86869  0 
-1.17172  2.84444  0 
-1.23395  2.78788  0 
-1.25253  2.77304  0 
-1.33333  2.71325  0 
-1.34235  2.70707  0 
-1.41414  2.66227  0 
-1.47662  2.62626  0 
-1.49495  2.61638  0 
-1.57576  2.57569  0 
-1.63994  2.54545  0 
-1.65657  2.5379  0 
-1.73737  2.50337  0 
-1.81818  2.4704  0 
-1.83309  2.46465  0 
-1.89899  2.43927  0 
-1.9798  2.40904  0 
-2.04808  2.38384  0 
-2.06061  2.37909  0 
-2.14141  2.34937  0 
-2.22222  2.3188  0 
-2.26324  2.30303  0 
-2.30303  2.28669  0 
-2.38384  2.25213  0 
-2.44736  2.22222  0 
-2.46465  2.21323  0 
-2.54545  2.16809  0 
-2.58704  2.14141  0 
-2.62626  2.11266  0 
-2.68752  2.06061  0 
-2.70707  2.04131  0 
-2.76201  1.9798  0 
-2.78788  1.94593  0 
-2.8202  1.89899  0 
-2.86837  1.81818  0 
-2.86869  1.81761  0 
-2.91136  1.73737  0 
-2.94949  1.66024  0 
-2.95123  1.65657  0 
-2.99075  1.57576  0 
-3.0303  1.49707  0 
-3.03137  1.49495  0 
-3.07543  1.41414  0 
-3.11111  1.3553  0 
-3.12502  1.33333  0 
-3.18343  1.25253  0 
-3.19192  1.24223  0 
-3.25547  1.17172  0 
-3.27273  1.15525  0 
-3.34873  1.09091  0 
-3.35354  1.08738  0 
-3.43434  1.03426  0 
-3.47703  1.0101  0 
-3.51515  0.991052  0 
-3.59596  0.955735  0 
-3.66661  0.929293  0 
-3.67677  0.925849  0 
-3.75758  0.90083  0 
-3.83838  0.879101  0 
-3.91919  0.859947  0 
-3.97243  0.848485  0 
-4  0.84293  0 

# Contour 22, label: 
-2.15631  4  0 
-2.22222  3.94636  0 
-2.25402  3.91919  0 
-2.30303  3.87683  0 
-2.34536  3.83838  0 
-2.38384  3.80217  0 
-2.42898  3.75758  0 
-2.46465  3.72031  0 
-2.50443  3.67677  0 
-2.54545  3.62851  0 
-2.57198  3.59596  0 
-2.62626  3.52359  0 
-2.63237  3.51515  0 
-2.6862  3.43434  0 
-2.70707  3.40017  0 
-2.73491  3.35354  0 
-2.77953  3.27273  0 
-2.78788  3.25641  0 
-2.82076  3.19192  0 
-2.86018  3.11111  0 
-2.86869  3.09276  0 
-2.89826  3.0303  0 
-2.93678  2.94949  0 
-2.94949  2.92282  0 
-2.97669  2.86869  0 
-3.0205  2.78788  0 
-3.0303  2.77073  0 
-3.07035  2.70707  0 
-3.11111  2.65119  0 
-3.13173  2.62626  0 
-3.19192  2.56344  0 
-3.21215  2.54545  0 
-3.27273  2.49843  0 
-3.32614  2.46465  0 
-3.35354  2.44924  0 
-3.43434  2.41004  0 
-3.49974  2.38384  0 
-3.51515  2.37816  0 
-3.59596  2.35057  0 
-3.67677  2.3269  0 
-3.75758  2.30596  0 
-3.76932  2.30303  0 
-3.83838  2.28648  0 
-3.91919  2.26863  0 
-4  2.25206  0 

# Contour 23, label: 
-3.9386  4  0 
-4  3.9641  0 


# Contour 24, label:       -1
 2.54545 -1.23971 -1 
 2.46465 -1.23397 -1 
 2.38384 -1.22984 -1 
 2.30303 -1.22728 -1 
 2.22222 -1.22626 -1 
 2.14141 -1.2268 -1 
 2.06061 -1.22891 -1 
 1.9798 -1.23264 -1 
 1.89899 -1.23806 -1 
 1.81818 -1.24527 -1 

# Contour 25, label: 
 1.81818 -1.24527 -1 
 1.75376 -1.25253 -1 
 1.73737 -1.25461 -1 
 1.65657 -1.26715 -1 
 1.57576 -1.2823 -1 
 1.49495 -1.30036 -1 
 1.41414 -1.32168 -1 
 1.37578 -1.33333 -1 
 1.33333 -1.34899 -1 
 1.25253 -1.38344 -1 
 1.19043 -1.41414 -1 
 1.17172 -1.42619 -1 
 1.09091 -1.48533 -1 
 1.07919 -1.49495 -1 
 1.01104 -1.57576 -1 
 1.0101 -1.57763 -1 
 0.973439 -1.65657 -1 
 0.959035 -1.73737 -1 
 0.964896 -1.81818 -1 
 0.989234 -1.89899 -1 
 1.0101 -1.93952 -1 
 1.03118 -1.9798 -1 
 1.08962 -2.06061 -1 
 1.09091 -2.06204 -1 
 1.16321 -2.14141 -1 
 1.17172 -2.14947 -1 
 1.24932 -2.22222 -1 
 1.25253 -2.22496 -1 
 1.33333 -2.29343 -1 
 1.34475 -2.30303 -1 
 1.41414 -2.35862 -1 
 1.44587 -2.38384 -1 
 1.49495 -2.42241 -1 
 1.54942 -2.46465 -1 
 1.57576 -2.48553 -1 
 1.6532 -2.54545 -1 
 1.65657 -2.5482 -1 
 1.73737 -2.61125 -1 
 1.75777 -2.62626 -1 
 1.81818 -2.67379 -1 
 1.86465 -2.70707 -1 
 1.89899 -2.73375 -1 
 1.97977 -2.78788 -1 
 2.06061 -2.8364 -1 
 2.13359 -2.86869 -1 
 2.14141 -2.87233 -1 
 2.22222 -2.89813 -1 
 2.30303 -2.91184 -1 
 2.38384 -2.91585 -1 
 2.46465 -2.91219 -1 
 2.54545 -2.90245 -1 
 2.62626 -2.88786 -1 
 2.70707 -2.86934 -1 
 2.7094 -2.86869 -1 
 2.78788 -2.8471 -1 
 2.86869 -2.82156 -1 
 2.94949 -2.79293 -1 
 2.96224 -2.78788 -1 
 3.0303 -2.75983 -1 
 3.11111 -2.72283 -1 
 3.14232 -2.70707 -1 
 3.19192 -2.67985 -1 
 3.27273 -2.63047 -1 
 3.27901 -2.62626 -1 
 3.35354 -2.56973 -1 
 3.38244 -2.54545 -1 
 3.43434 -2.49451 -1 
 3.46204 -2.46465 -1 
 3.51515 -2.39557 -1 
 3.52347 -2.38384 -1 
 3.57005 -2.30303 -1 
 3.59596 -2.24498 -1 
 3.60559 -2.22222 -1 
 3.63092 -2.14141 -1 
 3.64773 -2.06061 -1 
 3.65605 -1.9798 -1 
 3.65538 -1.89899 -1 
 3.64454 -1.81818 -1 
 3.62158 -1.73737 -1 
 3.59596 -1.68174 -1 
 3.583 -1.65657 -1 
 3.52334 -1.57576 -1 
 3.51515 -1.56737 -1 
 3.43434 -1.49535 -1 
 3.43383 -1.49495 -1 
 3.35354 -1.44381 -1 
 3.29877 -1.41414 -1 
 3.27273 -1.4022 -1 
 3.19192 -1.36927 -1 
 3.11111 -1.34116 -1 
 3.08578 -1.33333 -1 
 3.0303 -1.3182 -1 
 2.94949 -1.29899 -1 
 2.86869 -1.28252 -1 
 2.78788 -1.26847 -1 
 2.70707 -1.2566 -1 
 2.6743 -1.25253 -1 
 2.62626 -1.24712 -1 
 2.54545 -1.23971 -1 

# Contour 26, label: 
-1.73737  3.68075 -1 
-1.75906  3.67677 -1 
-1.81818  3.66522 -1 
-1.89899  3.63403 -1 
-1.97082  3.59596 -1 
-1.9798  3.59071 -1 
-2.06061  3.53083 -1 
-2.07867  3.51515 -1 
-2.14141  3.45347 -1 
-2.15865  3.43434 -1 
-2.2208  3.35354 -1 
-2.22222  3.35117 -1 
-2.26487  3.27273 -1 
-2.29771  3.19192 -1 
-2.30303  3.16609 -1 
-2.31364  3.11111 -1 
-2.31073  3.0303 -1 
-2.30303  3.00713 -1 
-2.27294  2.94949 -1 
-2.22222  2.90748 -1 
-2.14141  2.87688 -1 
-2.06061  2.86976 -1 
-1.9798  2.87749 -1 
-1.89899  2.89584 -1 
-1.81818  2.9227 -1 
-1.75592  2.94949 -1 
-1.73737  2.95884 -1 
-1.65657  3.00935 -1 
-1.62817  3.0303 -1 
-1.57576  3.07805 -1 
-1.54446  3.11111 -1 
-1.49495  3.18038 -1 
-1.48774  3.19192 -1 
-1.4549  3.27273 -1 
-1.4392  3.35354 -1 
-1.4417  3.43434 -1 
-1.46413  3.51515 -1 
-1.49495  3.5717 -1 
-1.51449  3.59596 -1 
-1.57576  3.64606 -1 
-1.65473  3.67677 -1 
-1.65657  3.67731 -1 
-1.73737  3.68075 -1 

# Contour 27, label: 
 1.07959 -4 -1 
 1.09091 -3.98754 -1 
 1.16315 -3.91919 -1 
 1.17172 -3.91146 -1 
 1.25253 -3.84945 -1 
 1.27005 -3.83838 -1 
 1.33333 -3.79799 -1 
 1.41137 -3.75758 -1 
 1.41414 -3.75607 -1 
 1.49495 -3.72222 -1 
 1.57576 -3.6979 -1 
 1.65657 -3.68416 -1 
 1.73737 -3.68354 -1 
 1.81818 -3.70129 -1 
 1.89899 -3.7484 -1 
 1.90815 -3.75758 -1 
 1.97363 -3.83838 -1 
 1.9798 -3.84829 -1 
 2.01129 -3.91919 -1 
 2.0361 -4 -1 

# Contour 28, label: 
-4 -2.16972 -1 
-3.91919 -2.19646 -1 
-3.84718 -2.22222 -1 
-3.83838 -2.2254 -1 
-3.75758 -2.25552 -1 
-3.67677 -2.28945 -1 
-3.64691 -2.30303 -1 
-3.59596 -2.32707 -1 
-3.51515 -2.37036 -1 
-3.49248 -2.38384 -1 
-3.43434 -2.42053 -1 
-3.37412 -2.46465 -1 
-3.35354 -2.48089 -1 
-3.28145 -2.54545 -1 
-3.27273 -2.55394 -1 
-3.20591 -2.62626 -1 
-3.19192 -2.64274 -1 
-3.14187 -2.70707 -1 
-3.11111 -2.74983 -1 
-3.08555 -2.78788 -1 
-3.03414 -2.86869 -1 
-3.0303 -2.87477 -1 
-2.98486 -2.94949 -1 
-2.94949 -3.00858 -1 
-2.93679 -3.0303 -1 
-2.88802 -3.11111 -1 
-2.86869 -3.14187 -1 
-2.83724 -3.19192 -1 
-2.78788 -3.26611 -1 
-2.78342 -3.27273 -1 
-2.72463 -3.35354 -1 
-2.70707 -3.37585 -1 
-2.65964 -3.43434 -1 
-2.62626 -3.47219 -1 
-2.58685 -3.51515 -1 
-2.54545 -3.5567 -1 
-2.50444 -3.59596 -1 
-2.46465 -3.63127 -1 
-2.41049 -3.67677 -1 
-2.38384 -3.69776 -1 
-2.30316 -3.75758 -1 
-2.30303 -3.75767 -1 
-2.22222 -3.8111 -1 
-2.17771 -3.83838 -1 
-2.14141 -3.85999 -1 
-2.06061 -3.90417 -1 
-2.03008 -3.91919 -1 
-1.9798 -3.94381 -1 
-1.89899 -3.97876 -1 
-1.84128 -4 -1 

# Contour 29, label: 
-4 -1.01054 -1 
-3.91919 -1.02536 -1 
-3.83838 -1.04199 -1 
-3.75758 -1.06071 -1 
-3.67677 -1.08189 -1 
-3.64562 -1.09091 -1 
-3.59596 -1.10711 -1 
-3.51515 -1.1364 -1 
-3.43434 -1.16963 -1 
-3.42966 -1.17172 -1 
-3.35354 -1.21026 -1 
-3.27895 -1.25253 -1 
-3.27273 -1.25655 -1 
-3.19192 -1.31225 -1 
-3.16355 -1.33333 -1 
-3.11111 -1.3769 -1 
-3.06843 -1.41414 -1 
-3.0303 -1.45055 -1 
-2.98482 -1.49495 -1 
-2.94949 -1.53149 -1 
-2.90659 -1.57576 -1 
-2.86869 -1.61556 -1 
-2.8286 -1.65657 -1 
-2.78788 -1.6973 -1 
-2.7458 -1.73737 -1 
-2.70707 -1.77224 -1 
-2.6523 -1.81818 -1 
-2.62626 -1.83837 -1 
-2.54545 -1.89576 -1 
-2.54062 -1.89899 -1 
-2.46465 -1.94539 -1 
-2.40221 -1.9798 -1 
-2.38384 -1.98908 -1 
-2.30303 -2.0277 -1 
-2.22805 -2.06061 -1 
-2.22222 -2.06299 -1 
-2.14141 -2.09515 -1 
-2.06061 -2.12552 -1 
-2.01729 -2.14141 -1 
-1.9798 -2.15452 -1 
-1.89899 -2.18246 -1 
-1.81818 -2.21008 -1 
-1.78293 -2.22222 -1 
-1.73737 -2.23763 -1 
-1.65657 -2.26542 -1 
-1.57576 -2.29395 -1 
-1.5508 -2.30303 -1 
-1.49495 -2.32368 -1 
-1.41414 -2.35495 -1 
-1.34371 -2.38384 -1 
-1.33333 -2.38831 -1 
-1.25253 -2.42492 -1 
-1.17218 -2.46465 -1 
-1.17172 -2.4649 -1 
-1.09091 -2.51112 -1 
-1.03651 -2.54545 -1 
-1.0101 -2.56449 -1 
-0.932155 -2.62626 -1 
-0.929293 -2.62897 -1 
-0.853611 -2.70707 -1 
-0.848485 -2.71377 -1 
-0.795845 -2.78788 -1 
-0.767677 -2.84267 -1 
-0.755054 -2.86869 -1 
-0.728103 -2.94949 -1 
-0.712985 -3.0303 -1 
-0.708087 -3.11111 -1 
-0.712356 -3.19192 -1 
-0.725145 -3.27273 -1 
-0.746105 -3.35354 -1 
-0.767677 -3.41367 -1 
-0.775071 -3.43434 -1 
-0.811955 -3.51515 -1 
-0.848485 -3.58102 -1 
-0.857003 -3.59596 -1 
-0.910825 -3.67677 -1 
-0.929293 -3.70123 -1 
-0.974626 -3.75758 -1 
-1.0101 -3.79733 -1 
-1.05059 -3.83838 -1 
-1.09091 -3.87607 -1 
-1.14445 -3.91919 -1 
-1.17172 -3.93985 -1 
-1.25253 -3.9894 -1 
-1.2755 -4 -1 

# Contour 30, label: 
-4  1.91553 -1 
-3.91919  1.90753 -1 
-3.86775  1.89899 -1 
-3.83838  1.89214 -1 
-3.75758  1.86318 -1 
-3.67971  1.81818 -1 
-3.67677  1.81509 -1 
-3.6226  1.73737 -1 
-3.60733  1.65657 -1 
-3.61845  1.57576 -1 
-3.65015  1.49495 -1 
-3.67677  1.45318 -1 
-3.70233  1.41414 -1 
-3.75758  1.3545 -1 
-3.77817  1.33333 -1 
-3.83838  1.28646 -1 
-3.88514  1.25253 -1 
-3.91919  1.23282 -1 
-4  1.1898 -1 


# Contour 31, label:       -2
-2.30303 -2.54153 -2 
-2.32876 -2.54545 -2 
-2.38384 -2.55697 -2 
-2.46465 -2.59423 -2 
-2.50223 -2.62626 -2 
-2.54545 -2.70401 -2 
-2.54657 -2.70707 -2 
-2.55625 -2.78788 -2 
-2.54974 -2.86869 -2 
-2.54545 -2.88676 -2 
-2.53066 -2.94949 -2 
-2.50196 -3.0303 -2 
-2.46559 -3.11111 -2 
-2.46465 -3.11276 -2 
-2.4178 -3.19192 -2 
-2.38384 -3.24096 -2 
-2.36062 -3.27273 -2 
-2.30303 -3.34048 -2 
-2.29109 -3.35354 -2 
-2.22222 -3.41915 -2 
-2.2047 -3.43434 -2 
-2.14141 -3.48301 -2 
-2.09442 -3.51515 -2 
-2.06061 -3.53608 -2 
-1.9798 -3.5787 -2 
-1.93923 -3.59596 -2 
-1.89899 -3.61176 -2 
-1.81818 -3.63473 -2 
-1.73737 -3.64822 -2 
-1.65657 -3.65072 -2 
-1.57576 -3.64066 -2 
-1.49495 -3.61651 -2 
-1.45202 -3.59596 -2 
-1.41414 -3.5739 -2 
-1.34066 -3.51515 -2 
-1.33333 -3.50761 -2 
-1.27546 -3.43434 -2 
-1.25253 -3.39358 -2 
-1.23291 -3.35354 -2 
-1.20853 -3.27273 -2 
-1.19953 -3.19192 -2 
-1.20614 -3.11111 -2 
-1.22896 -3.0303 -2 
-1.25253 -2.98225 -2 
-1.27033 -2.94949 -2 
-1.33322 -2.86869 -2 
-1.33333 -2.86858 -2 
-1.41414 -2.79652 -2 
-1.42508 -2.78788 -2 
-1.49495 -2.74194 -2 
-1.55497 -2.70707 -2 
-1.57576 -2.6965 -2 
-1.65657 -2.66025 -2 
-1.73737 -2.62831 -2 
-1.74344 -2.62626 -2 
-1.81818 -2.60306 -2 
-1.89899 -2.58165 -2 
-1.9798 -2.56388 -2 
-2.06061 -2.55 -2 
-2.10148 -2.54545 -2 
-2.14141 -2.54114 -2 
-2.22222 -2.53791 -2 
-2.30303 -2.54153 -2 

# Contour 32, label: 
-4 -1.44153 -2 
-3.91919 -1.49081 -2 
-3.91287 -1.49495 -2 
-3.84155 -1.57576 -2 
-3.83838 -1.59762 -2 
-3.82927 -1.65657 -2 
-3.83838 -1.66763 -2 
-3.91919 -1.72011 -2 
-3.99992 -1.73737 -2 

